District code,State name,District name,Population,Male,Female,Literate,Male_Literate,Female_Literate,Workers,Male_Workers,Female_Workers,Households_with_Internet,Rural_Households,Urban_Households,Households
1,JAMMU AND KASHMIR,Kupwara,870354,474190,396164,439654,282823,156831,229064,190899,38165,762,158438,23226,181664
2,JAMMU AND KASHMIR,Badgam,753745,398041,355704,335649,207741,127908,214866,162578,52288,1999,160649,27190,187839
3,JAMMU AND KASHMIR,Leh(Ladakh),133487,78971,54516,93770,62834,30936,75079,53265,21814,574,36920,17474,54394
4,JAMMU AND KASHMIR,Kargil,140802,77785,63017,86236,56301,29935,51873,39839,12034,235,40370,7774,48144
5,JAMMU AND KASHMIR,Punch,476835,251899,224936,261724,163333,98391,161393,117677,43716,346,132139,15269,147408
6,JAMMU AND KASHMIR,Rajouri,642415,345351,297064,364109,224469,139640,290912,184752,106160,673,196070,17508,213578
7,JAMMU AND KASHMIR,Kathua,616435,326109,290326,389204,228499,160705,200431,161548,38883,1443,181374,33473,214847
8,JAMMU AND KASHMIR,Baramula,1008039,534733,473306,545149,337170,207979,304200,249581,54619,3698,210543,48932,259475
9,JAMMU AND KASHMIR,Bandipore,392232,207680,184552,185979,117058,68921,149317,101380,47937,985,80521,17555,98076
10,JAMMU AND KASHMIR,Srinagar,1236829,651124,585705,748584,431746,316838,407188,333151,74037,16413,4518,257721,262239
11,JAMMU AND KASHMIR,Ganderbal,297446,158720,138726,143276,90581,52695,100890,73305,27585,878,63788,13558,77346
12,JAMMU AND KASHMIR,Pulwama,560440,293064,267376,293958,178326,115632,188420,138428,49992,1537,147520,21703,169223
13,JAMMU AND KASHMIR,Shupiyan,266215,136480,129735,136500,80355,56145,87721,63931,23790,884,75616,5272,80888
14,JAMMU AND KASHMIR,Anantnag,1078692,559767,518925,545532,324417,221115,389684,244032,145652,2712,207067,70666,277733
15,JAMMU AND KASHMIR,Kulgam,424483,217620,206863,209085,125052,84033,159990,102317,57673,838,95952,25178,121130
16,JAMMU AND KASHMIR,Doda,409936,213641,196295,219083,138620,80463,151912,101144,50768,596,122267,11350,133617
17,JAMMU AND KASHMIR,Ramban,283713,149132,134581,124065,82938,41127,87212,68476,18736,417,84281,5341,89622
18,JAMMU AND KASHMIR,Kishtwar,230696,120165,110531,107506,68700,38806,82974,56779,26195,274,72378,5993,78371
19,JAMMU AND KASHMIR,Udhampur,554985,296784,258201,322354,197543,124811,243672,163845,79827,1214,148664,34696,183360
20,JAMMU AND KASHMIR,Reasi,314667,166461,148206,150542,93937,56605,144767,88755,56012,602,95572,12261,107833
21,JAMMU AND KASHMIR,Jammu,1529958,813821,716137,1137135,641916,495219,508622,417456,91166,19905,254566,248043,502609
22,JAMMU AND KASHMIR,Samba,318898,169124,149774,228139,130312,97827,92526,81952,10574,992,94247,19989,114236
23,HIMACHAL PRADESH,Chamba,519080,261320,257760,323842,186064,137778,294035,158791,135244,1615,186395,13836,200231
24,HIMACHAL PRADESH,Kangra,1510075,750591,759484,1152640,606443,546197,675170,403756,271414,8053,588321,39007,627328
25,HIMACHAL PRADESH,Lahul AND Spiti,31564,16588,14976,21845,12897,8948,19295,10763,8532,61,17434,0,17434
26,HIMACHAL PRADESH,Kullu,437903,225452,212451,307672,174550,133122,269084,148829,120255,2623,167995,20709,188704
27,HIMACHAL PRADESH,Mandi,999777,498065,501712,723747,393669,330078,572671,297464,275207,5333,431129,31696,462825
28,HIMACHAL PRADESH,Hamirpur,454768,217070,237698,358091,180555,177536,241931,118724,123207,2521,196116,15232,211348
29,HIMACHAL PRADESH,Una,521173,263692,257481,399715,213281,186434,215346,141612,73734,2412,185091,20126,205217
30,HIMACHAL PRADESH,Bilaspur,381956,192764,189192,287620,155599,132021,205871,111543,94328,1574,152458,11987,164445
31,HIMACHAL PRADESH,Solan,580320,308754,271566,428578,244372,184206,298737,190001,108736,5250,192787,51509,244296
32,HIMACHAL PRADESH,Sirmaur,529855,276289,253566,362645,205617,157028,280083,169399,110684,2220,171102,21054,192156
33,HIMACHAL PRADESH,Shimla,814010,425039,388971,612642,342846,269796,430926,258628,172298,9177,279269,95896,375165
34,HIMACHAL PRADESH,Kinnaur,84121,46249,37872,60699,36697,24002,56273,33863,22410,354,44514,0,44514
35,PUNJAB,Gurdaspur,2298323,1212617,1085706,1634719,907660,727059,757138,637652,119486,14428,420860,185488,606348
36,PUNJAB,Kapurthala,815168,426311,388857,576567,316254,260313,284165,235562,48603,9732,165433,95770,261203
37,PUNJAB,Jalandhar,2193590,1145211,1048379,1622537,882581,739956,774472,639484,134988,39082,330339,377791,708130
38,PUNJAB,Hoshiarpur,1586625,809057,777568,1199699,637927,561772,499822,412506,87316,13747,422673,128592,551265
39,PUNJAB,Shahid Bhagat Singh Nagar,612310,313291,299019,438459,239155,199304,204329,170252,34077,5264,183168,48383,231551
40,PUNJAB,Fatehgarh Sahib,600163,320795,279368,426033,238696,187337,214783,182777,32006,5138,117559,57337,174896
41,PUNJAB,Ludhiana,3498739,1867816,1630923,2560225,1428348,1131877,1284822,1053600,231222,58589,395032,641789,1036821
42,PUNJAB,Moga,995746,525920,469826,627889,348549,279340,359172,292379,66793,7897,214295,74144,288439
43,PUNJAB,Firozpur,2029074,1071637,957437,1227511,707070,520441,756695,596406,160289,10042,348522,153868,502390
44,PUNJAB,Muktsar,901896,475622,426274,524848,300401,224447,335326,272699,62627,4571,149507,74650,224157
45,PUNJAB,Faridkot,617508,326671,290837,381285,215767,165518,221555,185049,36506,4348,99946,58917,158863
46,PUNJAB,Bathinda,1388525,743197,645328,844868,488261,356607,549986,432988,116998,11284,218159,137563,355722
47,PUNJAB,Mansa,769751,408732,361019,423560,244037,179523,328512,230739,97773,2673,145603,50786,196389
48,PUNJAB,Patiala,1895686,1002522,893164,1266791,711052,555739,660267,549661,110606,24274,299279,218090,517369
49,PUNJAB,Amritsar,2490656,1318408,1172248,1684770,932981,751789,917856,735195,182661,29961,275477,385476,660953
50,PUNJAB,Tarn Taran,1119627,589369,530258,666162,376427,289735,380702,313639,67063,4300,222717,44457,267174
51,PUNJAB,Rupnagar,684627,357485,327142,502731,278534,224197,233676,186910,46766,6600,148162,60537,208699
52,PUNJAB,Sahibzada Ajit Singh Nagar,994628,529253,465375,736575,409944,326631,355995,283367,72628,25944,117293,174042,291335
53,PUNJAB,Sangrur,1655169,878029,777140,1002077,570413,431664,568758,485129,83629,10736,292156,156788,448944
54,PUNJAB,Barnala,595527,317522,278005,359831,201999,157832,209331,178163,31168,3501,102577,54222,156799
55,CHANDIGARH,Chandigarh,1055450,580663,474787,805438,465346,340092,404136,328159,75977,44283,8911,289456,298367
56,UTTARAKHAND,Uttarkashi,330086,168597,161489,215126,128237,86889,157276,84265,73011,602,112148,9061,121209
57,UTTARAKHAND,Chamoli,391605,193991,197614,280556,155395,125161,180940,93832,87108,899,163434,22906,186340
58,UTTARAKHAND,Rudraprayag,242285,114589,127696,170933,91803,79130,113032,52339,60693,418,112705,4454,117159
59,UTTARAKHAND,Tehri Garhwal,618931,297986,320945,407994,227406,180588,280442,140821,139621,1366,227059,27177,254236
60,UTTARAKHAND,Dehradun,1696694,892199,804495,1259506,702216,557290,582768,458834,123934,25862,228245,269393,497638
61,UTTARAKHAND,Garhwal,687271,326829,360442,494889,262148,232741,274152,147373,126779,2633,279682,36780,316462
62,UTTARAKHAND,Pithoragarh,483439,239306,244133,345550,189623,155927,216490,113539,102951,1344,183687,26256,209943
63,UTTARAKHAND,Bageshwar,259898,124326,135572,179483,97546,81937,123638,58708,64930,435,96031,3880,99911
64,UTTARAKHAND,Almora,622506,291081,331425,436497,231604,204893,298211,142460,155751,1830,260056,21082,281138
65,UTTARAKHAND,Champawat,259648,131125,128523,177726,102015,75711,99566,60427,39139,548,85202,12839,98041
66,UTTARAKHAND,Nainital,954605,493666,460939,696500,385779,310721,376181,256935,119246,7265,193086,105577,298663
67,UTTARAKHAND,Udham Singh Nagar,1648902,858783,790119,1037839,598525,439314,591458,444578,146880,7883,269406,145253,414659
68,UTTARAKHAND,Hardwar,1890422,1005295,885127,1178354,691411,486943,578121,497810,80311,11947,301828,186183,488011
69,HARYANA,Panchkula,561293,299679,261614,405318,229862,175456,211479,164865,46614,18615,70895,93656,164551
70,HARYANA,Ambala,1128350,598703,529647,818025,461288,356737,372139,320120,52019,12899,175365,139891,315256
71,HARYANA,Yamunanagar,1214205,646718,567487,832457,474793,357664,389233,342343,46890,8079,214464,143259,357723
72,HARYANA,Kurukshetra,964655,510976,453679,646893,370828,276065,336780,268556,68224,7356,203553,88268,291821
73,HARYANA,Kaithal,1074304,571003,503301,646529,385782,260747,373899,292696,81203,3724,231091,75696,306787
74,HARYANA,Karnal,1505324,797712,707612,978013,564516,413497,516062,411646,104416,11163,292682,135920,428602
75,HARYANA,Panipat,1205437,646857,558580,786599,464136,322463,412318,328667,83651,10024,173502,153804,327306
76,HARYANA,Sonipat,1450001,781299,668702,998316,589881,408435,523179,391085,132094,9029,283858,133576,417434
77,HARYANA,Jind,1334152,713006,621146,832758,502049,330709,523422,368277,155145,5263,278335,89665,368000
78,HARYANA,Fatehabad,942011,495360,446651,557578,327471,230107,369083,263498,105585,3210,203020,55360,258380
79,HARYANA,Sirsa,1295189,682582,612607,782897,456968,325929,502003,369462,132541,6287,245476,93316,338792
80,HARYANA,Hisar,1743931,931562,812369,1114311,670200,444111,691621,488321,203300,10132,302013,154113,456126
81,HARYANA,Bhiwani,1634445,866672,767773,1069871,643158,426713,623006,430678,192328,5292,357047,99235,456282
82,HARYANA,Rohtak,1061204,568479,492725,747582,436025,311557,345967,272646,73321,8482,175203,131739,306942
83,HARYANA,Jhajjar,958405,514667,443738,676091,399480,276611,326534,250020,76514,5034,211816,78328,290144
84,HARYANA,Mahendragarh,922088,486665,435423,630255,380440,249815,338584,232935,105649,2624,223726,44216,267942
85,HARYANA,Rewari,900332,474335,425997,636947,375453,261494,337727,235326,102401,5121,199449,69305,268754
86,HARYANA,Gurgaon,1514432,816690,697742,1111116,638666,472450,544716,432456,112260,67087,141703,381988,523691
87,HARYANA,Mewat,1089263,571162,518101,454897,308435,146462,289964,224642,65322,935,187398,36237,223635
88,HARYANA,Faridabad,1809733,966110,843623,1272739,734940,537799,579229,476933,102296,43437,87700,382981,470681
89,HARYANA,Palwal,1042708,554497,488211,599796,379696,220100,309563,241464,68099,4283,186069,63090,249159
90,NCT OF DELHI,North West,3656539,1960922,1695617,2707855,1541952,1165903,1188545,1022419,166126,114044,67592,959275,1026867
91,NCT OF DELHI,North,887978,475002,412976,681517,381615,299902,296446,257575,38871,21418,4512,296559,301071
92,NCT OF DELHI,North East,2241624,1188425,1053199,1611588,912481,699107,661386,594353,67033,30390,5326,482255,487581
93,NCT OF DELHI,East,1709346,907500,801846,1352998,748382,604616,579692,486951,92741,80037,1086,461132,462218
94,NCT OF DELHI,New Delhi,142004,77942,64062,114179,65678,48501,59541,46940,12601,7366,0,52664,52664
95,NCT OF DELHI,Central,582320,307821,274499,442360,240518,201842,207374,177621,29753,19724,0,194897,194897
96,NCT OF DELHI,West,2543243,1356240,1187003,1961179,1093933,867246,874320,732598,141722,109666,1809,699703,701512
97,NCT OF DELHI,South West,2292958,1246046,1046912,1787689,1025261,762428,795352,667977,127375,94853,41179,606503,647682
98,NCT OF DELHI,South,2731929,1467428,1264501,2078402,1185036,893366,924393,775592,148801,111453,2918,728145,731063
99,RAJASTHAN,Ganganagar,1969168,1043340,925828,1193343,710908,482435,912672,596320,316352,6295,397697,164897,562594
100,RAJASTHAN,Hanumangarh,1774692,931184,843508,1034136,624281,409855,835260,512802,322458,3360,389059,108694,497753
101,RAJASTHAN,Bikaner,2363937,1240801,1123136,1278801,782399,496402,986208,640572,345636,7607,335754,196179,531933
102,RAJASTHAN,Churu,2039547,1051446,988101,1149269,696729,452540,902829,541404,361425,2577,344897,148996,493893
103,RAJASTHAN,Jhunjhunun,2137045,1095896,1041149,1370360,815834,554526,894649,541392,353257,4828,500452,150357,650809
104,RAJASTHAN,Alwar,3674179,1939026,1735153,2182476,1359829,822647,1708542,994171,714371,9750,782294,212967,995261
105,RAJASTHAN,Bharatpur,2548462,1355726,1192736,1480869,943910,536959,1071154,647198,423956,4179,479437,129697,609134
106,RAJASTHAN,Dhaulpur,1206516,653647,552869,683098,435721,247377,523212,339110,184102,1330,214670,58626,273296
107,RAJASTHAN,Karauli,1458248,783639,674609,805849,531904,273945,628726,371058,257668,1059,305047,59308,364355
108,RAJASTHAN,Sawai Madhopur,1335551,704031,631520,741748,486184,255564,578068,343802,234266,1887,282057,71264,353321
109,RAJASTHAN,Dausa,1634409,857787,776622,938051,596935,341116,684495,398151,286344,1719,361084,59610,420694
110,RAJASTHAN,Jaipur,6626178,3468507,3157671,4300965,2554793,1746172,2464893,1714947,749946,76565,754841,977838,1732679
111,RAJASTHAN,Sikar,2677333,1374990,1302343,1652117,995275,656842,1006504,657854,348650,5647,527560,178274,705834
112,RAJASTHAN,Nagaur,3307743,1696325,1611418,1758624,1102750,655874,1425882,857031,568851,4449,675712,166489,842201
113,RAJASTHAN,Jodhpur,3687165,1923928,1763237,2031532,1265753,765779,1489741,965103,524638,19335,584215,307442,891657
114,RAJASTHAN,Jaisalmer,669919,361708,308211,308653,210415,98238,288903,182565,106338,754,159117,30830,189947
115,RAJASTHAN,Barmer,2603751,1369022,1234729,1188322,783461,404861,1202482,696240,506242,2766,542825,55980,598805
116,RAJASTHAN,Jalor,1828730,936634,892096,829582,543923,285659,896644,494906,401738,1585,419216,48202,467418
117,RAJASTHAN,Sirohi,1036346,534231,502115,476806,309900,166906,419829,272196,147633,2146,238535,69639,308174
118,RAJASTHAN,Pali,2037573,1025422,1012151,1085693,667381,418312,842327,523077,319250,4043,512909,139808,652717
119,RAJASTHAN,Ajmer,2583052,1324085,1258967,1526673,926268,600405,1053722,686149,367573,13499,409335,274919,684254
120,RAJASTHAN,Tonk,1421326,728136,693190,749659,478329,271330,649161,371848,277313,1908,298911,81755,380666
121,RAJASTHAN,Bundi,1110906,577160,533746,585044,371705,213339,526091,314806,211285,1392,239836,63452,303288
122,RAJASTHAN,Bhilwara,2408523,1220736,1187787,1256126,777582,478544,1148165,674589,473576,6207,530015,145865,675880
123,RAJASTHAN,Rajsamand,1156597,581339,575258,619139,383334,235805,550831,319534,231297,1989,304622,61054,365676
124,RAJASTHAN,Dungarpur,1388552,696532,692020,681591,415820,265771,641515,346624,294891,1477,322816,31547,354363
125,RAJASTHAN,Banswara,1797485,907754,889731,829343,513854,315489,916574,482236,434338,2324,390437,39407,429844
126,RAJASTHAN,Chittaurgarh,1544338,783171,761167,821825,514851,306974,802755,456632,346123,4941,366780,88873,455653
127,RAJASTHAN,Kota,1951014,1021161,929853,1298345,765396,532949,748811,534650,214161,12843,203454,311735,515189
128,RAJASTHAN,Baran,1222755,633945,588810,693307,432607,260700,552583,329754,222829,1363,249184,69804,318988
129,RAJASTHAN,Jhalawar,1411129,725143,685986,739792,466815,272977,685950,402825,283125,1750,298624,63763,362387
130,RAJASTHAN,Udaipur,3068420,1566801,1501619,1582629,973444,609185,1365783,835839,529944,14211,665449,182769,848218
131,RAJASTHAN,Pratapgarh,867848,437744,430104,401515,250122,151393,481294,251691,229603,716,209813,24269,234082
132,UTTAR PRADESH,Saharanpur,3466382,1834106,1632276,2077108,1220114,856994,1037344,911136,126208,9699,605082,284156,889238
133,UTTAR PRADESH,Muzaffarnagar,4143512,2193434,1950078,2417339,1448528,968811,1291644,1081569,210075,10077,673746,296104,969850
134,UTTAR PRADESH,Bijnor,3682713,1921215,1761498,2135393,1241471,893922,1088036,921497,166539,7303,683875,224648,908523
135,UTTAR PRADESH,Moradabad,4772006,2503186,2268820,2263848,1357435,906413,1417811,1193439,224372,11690,692398,355518,1047916
136,UTTAR PRADESH,Rampur,2335819,1223889,1111930,1043666,630408,413258,737261,609693,127568,3847,396775,143217,539992
137,UTTAR PRADESH,Jyotiba Phule Nagar,1840221,963449,876772,983110,600541,382569,599089,459037,140052,2825,335888,115486,451374
138,UTTAR PRADESH,Meerut,3443689,1825743,1617946,2141488,1254520,886968,1090539,898810,191729,23717,381520,422303,803823
139,UTTAR PRADESH,Baghpat,1303048,700070,602978,797970,489858,308112,416695,342604,74091,2989,246055,69991,316046
140,UTTAR PRADESH,Ghaziabad,4681645,2488834,2192811,3123264,1811397,1311867,1520538,1231615,288923,78116,355407,836316,1191723
141,UTTAR PRADESH,Gautam Buddha Nagar,1648115,890214,757901,1122947,666065,456882,569109,443384,125725,53181,170835,338935,509770
142,UTTAR PRADESH,Bulandshahr,3499171,1845260,1653911,2031656,1253314,778342,1173260,897815,275445,7865,658449,221628,880077
143,UTTAR PRADESH,Aligarh,3673889,1951996,1721893,2092567,1283380,809187,1174361,929337,245024,13634,582117,275942,858059
144,UTTAR PRADESH,Mahamaya Nagar,1564708,836127,728581,942572,579157,363415,484115,398126,85989,3087,288150,84883,373033
145,UTTAR PRADESH,Mathura,2547184,1367125,1180059,1507746,943346,564400,840939,635142,205797,8726,407488,177802,585290
146,UTTAR PRADESH,Agra,4418797,2364953,2053844,2680510,1614594,1065916,1389844,1119701,270143,27183,496971,406852,903823
147,UTTAR PRADESH,Firozabad,2498156,1332046,1166110,1521806,912314,609492,761521,621840,139681,5834,349747,185621,535368
148,UTTAR PRADESH,Mainpuri,1868529,993377,875152,1203885,712110,491775,560840,466067,94773,2642,338475,72783,411258
149,UTTAR PRADESH,Budaun,3681896,1967759,1714137,1547477,986501,560976,1107343,939616,167727,3634,710956,156668,867624
150,UTTAR PRADESH,Bareilly,4448359,2357665,2090694,2191759,1342697,849062,1401971,1153006,248965,15164,631613,362798,994411
151,UTTAR PRADESH,Pilibhit,2031007,1072002,959005,1061095,654290,406805,618605,534939,83666,2870,371752,89638,461390
152,UTTAR PRADESH,Shahjahanpur,3006538,1606403,1400135,1490930,915142,575788,892214,783313,108901,3889,520289,134714,655003
153,UTTAR PRADESH,Kheri,4021243,2123187,1898056,2034044,1237157,796887,1264718,1058483,206235,3402,754938,107672,862610
154,UTTAR PRADESH,Sitapur,4483992,2375264,2108728,2283733,1397702,886031,1422602,1171252,251350,3874,827583,111319,938902
155,UTTAR PRADESH,Hardoi,4092845,2191442,1901403,2221601,1374587,847014,1318946,1091952,226994,3845,786613,121064,907677
156,UTTAR PRADESH,Unnao,3108367,1630087,1478280,1773584,1053063,720521,1124744,851014,273730,3476,596317,121039,717356
157,UTTAR PRADESH,Lucknow,4589838,2394476,2195362,3127260,1742440,1384820,1542806,1226399,316407,68506,344155,717566,1061721
158,UTTAR PRADESH,Rae Bareli,3405559,1752542,1653017,1965843,1165965,799878,1204710,867393,337317,5184,705025,73393,778418
159,UTTAR PRADESH,Farrukhabad,1885204,1006240,878964,1092677,654827,437850,592267,494545,97722,2624,316647,94843,411490
160,UTTAR PRADESH,Kannauj,1656616,881776,774840,1017087,603596,413491,524676,430934,93742,2488,299785,65985,365770
161,UTTAR PRADESH,Etawah,1581810,845856,735954,1062003,623583,438420,506072,413713,92359,2964,265643,85483,351126
162,UTTAR PRADESH,Auraiya,1379545,740040,639505,930836,546198,384638,442023,364543,77480,2404,255836,58438,314274
163,UTTAR PRADESH,Kanpur Dehat,1796184,963255,832929,1170243,692964,477279,628864,493991,134873,2682,363933,41323,405256
164,UTTAR PRADESH,Kanpur Nagar,4581268,2459806,2121462,3243022,1829179,1413843,1572232,1299871,272361,33966,364869,684906,1049775
165,UTTAR PRADESH,Jalaun,1689974,906092,783882,1075196,653430,421766,620764,470969,149795,2217,304856,91565,396421
166,UTTAR PRADESH,Jhansi,1998603,1057436,941167,1304513,783705,520808,814914,565357,249557,8517,309592,195321,504913
167,UTTAR PRADESH,Lalitpur,1221592,641011,580581,641191,397586,243605,503351,326783,176568,1079,258013,43819,301832
168,UTTAR PRADESH,Hamirpur,1104285,593537,510748,653299,408125,245174,443655,308527,135128,1196,256081,55300,311381
169,UTTAR PRADESH,Mahoba,875958,466358,409600,488106,302283,185823,349676,237153,112523,1316,198298,48525,246823
170,UTTAR PRADESH,Banda,1799410,965876,833534,1002937,630626,372311,701689,485314,216375,1655,378056,67569,445625
171,UTTAR PRADESH,Chitrakoot,991730,527721,464009,531072,330339,200733,394197,254977,139220,827,207237,23558,230795
172,UTTAR PRADESH,Fatehpur,2632733,1384722,1248011,1512166,911003,601163,1063929,713736,350193,3385,558807,77733,636540
173,UTTAR PRADESH,Pratapgarh,3209141,1606085,1603056,1931559,1121381,810178,1066601,704569,362032,5149,711085,41701,752786
174,UTTAR PRADESH,Kaushambi,1599596,838485,761111,813424,507279,306145,639086,402644,236442,1503,349856,30764,380620
175,UTTAR PRADESH,Allahabad,5954391,3131807,2822584,3665727,2199340,1466387,2111907,1426110,685797,24122,983266,265304,1248570
176,UTTAR PRADESH,Bara Banki,3260699,1707073,1553626,1692458,1010518,681940,1192850,871241,321609,3159,635840,79068,714908
177,UTTAR PRADESH,Faizabad,2470996,1259628,1211368,1450901,838339,612562,831209,597888,233321,4746,510378,79288,589666
178,UTTAR PRADESH,Ambedkar Nagar,2397888,1212410,1185478,1486939,846676,640263,787398,547406,239992,2509,501559,65031,566590
179,UTTAR PRADESH,Sultanpur,3797117,1914586,1882531,2239902,1300248,939654,1242632,869838,372794,5956,839737,49891,889628
180,UTTAR PRADESH,Bahraich,3487731,1843884,1643847,1398368,878285,520083,1152160,895576,256584,2681,698520,61742,760262
181,UTTAR PRADESH,Shrawasti,1117361,593897,523464,423313,276700,146613,403755,293981,109774,624,248770,8504,257274
182,UTTAR PRADESH,Balrampur,2148665,1114721,1033944,868357,544943,323414,760253,534332,225921,1551,410070,35768,445838
183,UTTAR PRADESH,Gonda,3433919,1787146,1646773,1679994,1034181,645813,1170552,855848,314704,4313,673578,52794,726372
184,UTTAR PRADESH,Siddharthnagar,2559297,1295095,1264202,1228926,740718,488208,878898,583633,295265,2434,480165,33348,513513
185,UTTAR PRADESH,Basti,2464464,1255272,1209192,1393783,819719,574064,783688,558642,225046,3423,513960,31065,545025
186,UTTAR PRADESH,Sant Kabir Nagar,1715183,869656,845527,954949,567098,387851,539469,383482,155987,2031,324972,27179,352151
187,UTTAR PRADESH,Mahrajganj,2684703,1381754,1302949,1419144,881674,537470,994253,659465,334788,2694,573046,34033,607079
188,UTTAR PRADESH,Gorakhpur,4440895,2277777,2163118,2700328,1593890,1106438,1351629,1016876,334753,14597,761958,189170,951128
189,UTTAR PRADESH,Kushinagar,3564544,1818055,1746489,1954820,1183722,771098,1116973,804857,312116,3486,742324,42775,785099
190,UTTAR PRADESH,Deoria,3100946,1537436,1563510,1875239,1079288,795951,876246,639073,237173,4469,597778,67928,665706
191,UTTAR PRADESH,Azamgarh,4613913,2285004,2328909,2771917,1559414,1212503,1372032,941890,430142,6652,891024,80434,971458
192,UTTAR PRADESH,Mau,2205968,1114709,1091259,1363044,773082,589962,696747,475413,221334,2656,352207,99321,451528
193,UTTAR PRADESH,Ballia,3239774,1672902,1566872,1963590,1160960,802630,1019483,723060,296423,4672,564927,64454,629381
194,UTTAR PRADESH,Jaunpur,4494204,2220465,2273739,2731677,1565394,1166283,1437375,934157,503218,8002,926088,80582,1006670
195,UTTAR PRADESH,Ghazipur,3620268,1855075,1765193,2197549,1293553,903996,1204602,808700,395902,5309,700173,61467,761640
196,UTTAR PRADESH,Chandauli,1952756,1017905,934851,1174606,699454,475152,652543,462971,189572,3492,344937,50822,395759
197,UTTAR PRADESH,Varanasi,3676841,1921857,1754984,2403903,1389116,1014787,1220708,921234,299474,19214,438935,316129,755064
198,UTTAR PRADESH,Sant Ravidas Nagar (Bhadohi),1578213,807099,771114,910146,546782,363364,470608,343155,127453,2896,293510,45997,339507
199,UTTAR PRADESH,Mirzapur,2496970,1312302,1184668,1428683,865837,562846,881996,613061,268935,4447,465152,77963,543115
200,UTTAR PRADESH,Sonbhadra,1862559,971344,891215,985708,601988,383720,730399,463611,266788,5149,337048,91040,428088
201,UTTAR PRADESH,Etah,1774480,947339,827141,1055202,647042,408160,545984,440244,105740,2635,334246,67752,401998
202,UTTAR PRADESH,Kanshiram Nagar,1436719,764165,672554,724850,452803,272047,472765,375213,97552,1623,271234,72490,343724
203,BIHAR,Pashchim Champaran,3935042,2061110,1873932,1759481,1091226,668255,1478947,999282,479665,3495,839514,96620,936134
204,BIHAR,Purba Champaran,5099371,2681209,2418162,2276957,1407603,869354,1737539,1260774,476765,7719,1142260,101565,1243825
205,BIHAR,Sheohar,656246,346673,309573,283698,171645,112053,216372,166693,49679,478,158484,7516,166000
206,BIHAR,Sitamarhi,3423574,1803252,1620322,1436794,885188,551606,1114583,865929,248654,3460,807294,49670,856964
207,BIHAR,Madhubani,4487379,2329313,2158066,2155338,1340085,815253,1636938,1105947,530991,5319,1047552,41234,1088786
208,BIHAR,Supaul,2229076,1155283,1073793,1033283,647672,385611,877682,551718,325964,1845,572287,27815,600102
209,BIHAR,Araria,2811569,1463333,1348236,1195768,727643,468125,1069893,708391,361502,2561,659061,44213,703274
210,BIHAR,Kishanganj,1690400,866970,823430,745056,439921,305135,529064,421192,107872,1093,401793,43357,445150
211,BIHAR,Purnia,3264619,1699370,1565249,1332326,805261,527065,1143318,803275,340043,4170,712847,85749,798596
212,BIHAR,Katihar,3071029,1600430,1470599,1280190,762256,517934,1013566,760522,253044,2941,668232,69838,738070
213,BIHAR,Madhepura,2001762,1047559,954203,834577,517666,316911,777546,496046,281500,1397,486278,24000,510278
214,BIHAR,Saharsa,1900661,997174,903487,804996,506374,298622,649898,456724,193174,1668,432651,38046,470697
215,BIHAR,Darbhanga,3937385,2059949,1877436,1816634,1125566,691068,1223640,947927,275713,6280,907174,95539,1002713
216,BIHAR,Muzaffarpur,4801062,2527497,2273565,2509232,1487117,1022115,1547586,1195308,352278,10290,998694,120700,1119394
217,BIHAR,Gopalganj,2562012,1267666,1294346,1382998,793905,589093,728201,539586,188615,3707,515925,38133,554058
218,BIHAR,Siwan,3330464,1675090,1655374,1930175,1115906,814269,932416,730396,202020,3834,632514,41858,674372
219,BIHAR,Saran,3951862,2022821,1929041,2157454,1285767,871687,1040231,857660,182571,4509,701323,76299,777622
220,BIHAR,Vaishali,3495021,1844535,1650486,1926740,1152576,774164,1060344,858648,201696,4810,699317,51494,750811
221,BIHAR,Samastipur,4261566,2230003,2031563,2142880,1293575,849305,1343400,1037576,305824,5379,1012979,43486,1056465
222,BIHAR,Begusarai,2970541,1567660,1402881,1548673,918507,630166,938182,715345,222837,4644,594377,139248,733625
223,BIHAR,Khagaria,1666886,883786,783100,768028,461153,306875,560805,398216,162589,1580,373696,21007,394703
224,BIHAR,Bhagalpur,3037766,1615663,1422103,1573066,937669,635397,983528,740056,243472,6764,522527,130634,653161
225,BIHAR,Banka,2034763,1067140,967623,965321,590961,374360,771080,517817,253263,1704,425604,18492,444096
226,BIHAR,Munger,1367765,729041,638724,801817,473741,328076,426658,327453,99205,2653,222281,85782,308063
227,BIHAR,Lakhisarai,1000912,526345,474567,507270,305182,202088,326576,240494,86082,1186,175882,31763,207645
228,BIHAR,Sheikhpura,636342,329743,306599,328676,196431,132245,224655,151569,73086,631,108293,24345,132638
229,BIHAR,Nalanda,2877653,1497060,1380593,1519933,919558,600375,1045420,703405,342015,4156,514141,102522,616663
230,BIHAR,Patna,5838465,3078512,2759953,3459679,2028047,1431632,1881886,1436411,445475,40692,657991,552103,1210094
231,BIHAR,Bhojpur,2728407,1430380,1298027,1599151,973486,625665,822493,640283,182210,3661,434559,77368,511927
232,BIHAR,Buxar,1706352,887977,818375,989807,593544,396263,538322,402180,136142,1784,299252,35405,334657
233,BIHAR,Kaimur (Bhabua),1626384,847006,779378,920276,549923,370353,511163,375959,135204,2100,325143,15299,340442
234,BIHAR,Rohtas,2959918,1543546,1416372,1799832,1061783,738049,924879,707939,216940,4594,512383,95678,608061
235,BIHAR,Aurangabad,2540073,1318684,1221389,1466002,868733,597269,837770,599157,238613,2362,428291,49006,477297
236,BIHAR,Gaya,4391418,2266566,2124852,2297613,1368803,928810,1664062,1076170,587892,6856,696289,111282,807571
237,BIHAR,Nawada,2219146,1144668,1074478,1091012,659474,431538,817041,539439,277602,1841,379551,45323,424874
238,BIHAR,Jamui,1760405,916064,844341,858588,534385,324203,727571,452288,275283,1839,325909,30851,356760
239,BIHAR,Jehanabad,1125313,585582,539731,618881,374412,244469,365378,266423,98955,1106,186660,28132,214792
240,BIHAR,Arwal,700843,363497,337346,386351,235279,151072,236354,167991,68363,413,134334,9960,144294
241,SIKKIM,North  District,43709,24730,18979,30450,18579,11871,23359,15935,7424,116,11543,2066,13609
242,SIKKIM,West District,136435,70238,66197,93432,51988,41444,70348,40772,29576,286,32091,1886,33977
243,SIKKIM,South District,146850,76670,70180,106741,59357,47384,74753,45300,29453,591,31135,8163,39298
244,SIKKIM,East District,283583,151432,132151,214329,121345,92984,139678,92351,47327,3291,40626,41512,82138
245,ARUNACHAL PRADESH,Tawang,49977,29151,20826,26073,17720,8353,28561,19554,9007,96,10730,2452,13182
246,ARUNACHAL PRADESH,West Kameng,83947,46155,37792,48492,29566,18926,42493,28313,14180,202,17889,6306,24195
247,ARUNACHAL PRADESH,East Kameng,78690,38775,39915,38449,21599,16850,31710,16424,15286,57,14503,5215,19718
248,ARUNACHAL PRADESH,Papum Pare,176573,89182,87391,121048,65794,55254,65772,41263,24509,2477,20308,30180,50488
249,ARUNACHAL PRADESH,Upper Subansiri,83448,41758,41690,45278,24807,20471,33370,17898,15472,139,14542,4672,19214
250,ARUNACHAL PRADESH,West Siang,112274,58168,54106,64746,36777,27969,49177,29156,20021,303,22272,8503,30775
251,ARUNACHAL PRADESH,East Siang,99214,50116,49098,62576,34210,28366,40222,23591,16631,450,19497,9524,29021
252,ARUNACHAL PRADESH,Upper Siang,35320,18699,16621,18195,10723,7472,17644,9968,7676,97,8569,2182,10751
253,ARUNACHAL PRADESH,Changlang,148226,76948,71278,73174,44027,29147,62966,39329,23637,170,33422,6498,39920
254,ARUNACHAL PRADESH,Tirap,111975,57604,54371,47974,29313,18661,50169,27545,22624,98,18420,6500,24920
255,ARUNACHAL PRADESH,Lower Subansiri,83030,41843,41187,54057,29470,24587,30202,17339,12863,381,18112,5365,23477
256,ARUNACHAL PRADESH,Kurung Kumey,92076,45318,46758,36606,20258,16348,38044,18429,19615,95,18603,1092,19695
257,ARUNACHAL PRADESH,Dibang Valley,8004,4414,3590,4436,2614,1822,3555,2228,1327,17,2055,1175,3230
258,ARUNACHAL PRADESH,Lower Dibang Valley,54080,28053,26027,31849,18087,13762,22326,14102,8224,207,12000,3950,15950
259,ARUNACHAL PRADESH,Lohit,145726,76221,69505,83062,48380,34682,60945,38910,22035,312,33599,11372,44971
260,ARUNACHAL PRADESH,Anjaw,21167,11507,9660,9990,6523,3467,10501,6224,4277,27,6025,428,6453
261,NAGALAND,Mon,250260,131753,118507,119626,67432,52194,147654,79425,68229,178,43607,7415,51022
262,NAGALAND,Mokokchung,194622,101092,93530,159494,83479,76015,100067,57084,42983,537,37536,17742,55278
263,NAGALAND,Zunheboto,140757,71217,69540,102881,53504,49377,79466,41178,38288,261,31267,6044,37311
264,NAGALAND,Wokha,166343,84505,81838,128208,67385,60823,78412,42096,36316,198,38499,8170,46669
265,NAGALAND,Dimapur,378811,197394,181417,278037,150142,127895,151350,99645,51705,3303,49116,62853,111969
266,NAGALAND,Phek,163418,83743,79675,105893,57926,47967,80277,41556,38721,170,38903,7295,46198
267,NAGALAND,Tuensang,196596,101933,94663,117511,63653,53858,98154,52931,45223,155,40690,9451,50141
268,NAGALAND,Longleng,50484,26502,23982,29859,16139,13720,30568,16273,14295,37,12686,2451,15137
269,NAGALAND,Kiphire,74004,37830,36174,41232,22675,18557,31959,16780,15179,47,16032,4290,20322
270,NAGALAND,Kohima,267988,138966,129022,197489,107038,90451,114825,68140,46685,1928,31845,44255,76100
271,NAGALAND,Peren,95219,49714,45505,62204,34584,27620,61390,32249,29141,121,20204,4073,24277
272,MANIPUR,Senapati,479148,247323,231825,264477,148012,116465,233622,124143,109479,256,38008,1826,39834
273,MANIPUR,Tamenglong,140651,72371,68280,85006,47403,37603,70675,37237,33438,125,23982,4119,28101
274,MANIPUR,Churachandpur,274143,138820,135323,195935,104013,91922,122655,70594,52061,837,52972,4853,57825
275,MANIPUR,Bishnupur,237399,118782,118617,156333,87313,69020,109937,62807,47130,676,34977,21172,56149
276,MANIPUR,Thoubal,422168,210845,211323,269304,152617,116687,195319,109377,85942,880,65961,38302,104263
277,MANIPUR,Imphal West,517992,255054,262938,392626,205985,186641,213387,128540,84847,4913,51055,85746,136801
278,MANIPUR,Imphal East,456113,226094,230019,324664,173314,151350,194848,117562,77286,2739,64421,46520,110941
279,MANIPUR,Ukhrul,183998,94718,89280,129829,70148,59681,87929,46533,41396,276,36084,5806,41890
280,MANIPUR,Chandel,144182,74579,69603,90302,51053,39249,76238,42615,33623,184,30377,3783,34160
281,MIZORAM,Mamit,86364,44828,41536,60191,32977,27214,39339,24016,15323,90,16726,4129,20855
282,MIZORAM,Kolasib,83955,42918,41037,65895,34147,31748,36672,22733,13939,367,9669,12507,22176
283,MIZORAM,Aizawl,400309,199270,201039,340595,169547,171048,174636,104643,69993,4019,20570,80341,100911
284,MIZORAM,Champhai,125745,63388,62357,100802,51440,49362,60342,34129,26213,186,18395,12717,31112
285,MIZORAM,Serchhip,64937,32851,32086,54476,27598,26878,32397,18261,14136,131,7472,8018,15490
286,MIZORAM,Lunglei,161428,82891,78537,121122,64515,56607,78292,46230,32062,482,21479,17315,38794
287,MIZORAM,Lawngtlai,117894,60599,57295,62861,36444,26417,45566,28517,17049,162,21993,5273,27266
288,MIZORAM,Saiha,56574,28594,27980,42233,21861,20372,19461,12211,7250,168,7043,5784,12827
289,TRIPURA,West Tripura,1725739,879428,846311,1361354,722998,638356,698178,500406,197772,6394,289621,217016,506637
290,TRIPURA,South Tripura,876001,447544,428457,646810,351082,295728,366845,253229,113616,948,219171,44906,264077
291,TRIPURA,Dhalai,378230,194544,183686,276217,151643,124574,155831,105657,50174,273,89457,14071,103528
292,TRIPURA,North Tripura,693947,352860,341087,520402,275646,244756,248667,186034,62633,997,150437,42184,192621
293,MEGHALAYA,West Garo Hills,643291,324159,319132,358702,193438,165264,255693,151914,103779,1630,139351,18594,157945
294,MEGHALAYA,East Garo Hills,317917,161223,156694,192147,102513,89634,126073,72262,53811,288,62698,11518,74216
295,MEGHALAYA,South Garo Hills,142334,73170,69164,82062,45003,37059,53069,32826,20243,179,35930,3713,39643
296,MEGHALAYA,West Khasi Hills,383461,193715,189746,230678,117307,113371,163345,89694,73651,149,74832,12299,87131
297,MEGHALAYA,Ribhoi,258840,132531,126309,155859,80977,74882,106473,63871,42602,291,57988,5736,63724
298,MEGHALAYA,East Khasi Hills,825922,410749,415173,578030,287270,290760,326786,204303,122483,5032,106248,108843,215091
299,MEGHALAYA,Jaintia Hills,395124,196285,198839,187527,87371,100156,154180,88839,65341,510,76546,7171,83717
300,ASSAM,Kokrajhar,887142,452905,434237,489305,275220,214085,341131,236322,104809,1218,204896,17115,222011
301,ASSAM,Dhubri,1949258,997848,951410,922341,511551,410790,669819,524898,144921,1828,460602,60417,521019
302,ASSAM,Goalpara,1008183,513292,494891,563577,304302,259275,362573,267118,95455,1364,228610,39504,268114
303,ASSAM,Barpeta,1693622,867004,826618,897058,499038,398020,561824,445297,116527,2078,447189,52192,499381
304,ASSAM,Morigaon,957423,486651,470772,539902,289698,250204,351148,257984,93164,1421,232206,25275,257481
305,ASSAM,Nagaon,2823768,1439112,1384656,1710716,921850,788866,979998,766728,213270,5121,674999,124186,799185
306,ASSAM,Sonitpur,1924110,983904,940206,1108572,620525,488047,770606,537195,233411,4358,483325,64528,547853
307,ASSAM,Lakhimpur,1042137,529674,512463,683486,375552,307934,429995,282250,147745,1948,293239,34694,327933
308,ASSAM,Dhemaji,686133,351249,334884,423028,237761,185267,316800,186577,130223,1192,211758,16504,228262
309,ASSAM,Tinsukia,1327929,680231,647698,798322,453449,344873,557196,366623,190573,5135,290704,90910,381614
310,ASSAM,Dibrugarh,1326335,676434,649901,884531,491361,393170,560557,368013,192544,8817,299852,77163,377015
311,ASSAM,Sivasagar,1151050,589216,561834,813505,444767,368738,485717,325071,160646,5146,360182,45047,405229
312,ASSAM,Jorhat,1092256,556805,535451,794929,432335,362594,498618,320746,177872,5651,286330,80824,367154
313,ASSAM,Golaghat,1066888,543161,523727,721764,396475,325289,479928,309104,170824,3073,292893,34190,327083
314,ASSAM,Karbi Anglong,956313,490167,466146,557214,314253,242961,383441,246193,137248,1923,215691,37185,252876
315,ASSAM,Dima Hasao,214102,110802,103300,140873,78559,62314,85028,56323,28705,524,37610,21309,58919
316,ASSAM,Cachar,1736617,886284,850333,1174128,639946,534182,608062,469752,138310,5316,346227,88933,435160
317,ASSAM,Karimganj,1228686,625864,602822,795297,435942,359355,399171,319798,79373,1933,261945,32695,294640
318,ASSAM,Hailakandi,659296,337890,321406,407366,226836,180530,214240,170792,43448,1211,159215,16202,175417
319,ASSAM,Bongaigaon,738804,375818,362986,434078,237114,196964,255806,197542,58264,2523,181923,38470,220393
320,ASSAM,Chirang,482162,244860,237302,259902,145869,114033,193894,128762,65132,747,129018,11613,140631
321,ASSAM,Kamrup,1517542,778461,739081,995319,550219,445100,628954,428492,200462,3109,390596,43849,434445
322,ASSAM,Kamrup Metropolitan,1253938,647585,606353,1001191,537227,463964,490932,375613,115319,29117,61334,366858,428192
323,ASSAM,Nalbari,771639,396006,375633,531771,293184,238587,267623,210202,57421,1631,210706,28238,238944
324,ASSAM,Baksa,950075,481330,468745,572837,322614,250223,406756,266611,140145,1175,291641,3580,295221
325,ASSAM,Darrang,928500,475273,453227,487039,268666,218373,324843,246864,77979,1166,268517,20189,288706
326,ASSAM,Udalguri,831668,421617,410051,469926,264326,205600,345030,230690,114340,1448,267790,13835,281625
327,WEST BENGAL,Darjiling,1846823,937259,909564,1315585,717673,597912,683726,479586,204140,10943,303284,215675,518959
328,WEST BENGAL,Jalpaiguri,3872846,1983064,1889782,2498780,1396622,1102158,1512910,1091361,421549,9322,798378,319426,1117804
329,WEST BENGAL,Koch Bihar,2819086,1451542,1367544,1850504,1028733,821771,1127977,845308,282669,3534,803407,97331,900738
330,WEST BENGAL,Uttar Dinajpur,3007134,1551066,1456068,1489667,853495,636172,1075626,799627,275999,2883,683981,94269,778250
331,WEST BENGAL,Dakshin Dinajpur,1676276,857199,819077,1083685,596474,487211,702987,499560,203427,2518,390949,70077,461026
332,WEST BENGAL,Maldah,3988845,2051541,1937304,2086432,1152019,934413,1537847,1086461,451386,5357,830318,128678,958996
333,WEST BENGAL,Murshidabad,7103807,3627564,3476243,4055834,2177187,1878647,2589907,1985667,604240,7951,1501066,350899,1851965
334,WEST BENGAL,Birbhum,3502404,1790920,1711484,2158447,1201481,956966,1331603,1029770,301833,5210,831044,134565,965609
335,WEST BENGAL,Barddhaman,7717563,3966889,3750674,5247208,2918040,2329168,2911251,2293083,618168,32323,1364868,862368,2227236
336,WEST BENGAL,Nadia,5167600,2653768,2513832,3480555,1878866,1601689,1842607,1554090,288517,12787,1081381,468390,1549771
337,WEST BENGAL,North Twenty Four Parganas,10009781,5119389,4890392,7608693,4056046,3552647,3571624,2945189,626435,105185,1209337,1649803,2859140
338,WEST BENGAL,Hugli,5519145,2814653,2704492,4078388,2211777,1866611,2152870,1713608,439262,31725,992085,647953,1640038
339,WEST BENGAL,Bankura,3596674,1838095,1758579,2232992,1299337,933655,1466220,1050822,415398,4273,900515,90885,991400
340,WEST BENGAL,Puruliya,2930115,1496996,1433119,1624905,1002058,622847,1249642,801254,448388,3551,653219,99433,752652
341,WEST BENGAL,Haora,4850029,2500819,2349210,3605206,1942824,1662382,1819845,1498170,321675,30751,483384,869313,1352697
342,WEST BENGAL,Kolkata,4496694,2356766,2139928,3588137,1926915,1661222,1795740,1412466,383274,136618,0,1308106,1308106
343,WEST BENGAL,South Twenty Four Parganas,8161961,4173778,3988183,5531657,3043277,2488380,2964494,2356571,607923,20665,1568802,611430,2180232
344,WEST BENGAL,Paschim Medinipur,5913457,3007885,2905572,4078412,2266913,1811499,2509159,1757358,751801,8970,1364335,201048,1565383
345,WEST BENGAL,Purba Medinipur,5095875,2629834,2466041,3923194,2149073,1774121,1910320,1516096,394224,9076,1193006,170707,1363713
346,JHARKHAND,Garhwa,1322784,683575,639209,653476,405161,248315,571431,335451,235980,565,272872,19180,292052
347,JHARKHAND,Chatra,1042886,533935,508951,510061,303902,206159,397690,251213,146477,590,200974,14528,215502
348,JHARKHAND,Kodarma,716259,367222,349037,390249,238780,151469,257418,173993,83425,845,116714,34771,151485
349,JHARKHAND,Giridih,2445474,1258098,1187376,1253475,783736,469739,1036277,623946,412331,1944,452564,46886,499450
350,JHARKHAND,Deoghar,1492073,775022,717051,793538,489837,303701,551467,383691,167776,1944,257373,64337,321710
351,JHARKHAND,Godda,1313551,677927,635624,604519,376212,228307,552191,344019,208172,874,276454,15576,292030
352,JHARKHAND,Sahibganj,1150567,589391,561176,483263,287303,195960,490202,295690,194512,591,223450,37543,260993
353,JHARKHAND,Pakur,900422,452661,447761,352881,206989,145892,404584,234012,170572,328,200588,16587,217175
354,JHARKHAND,Dhanbad,2684487,1405956,1278531,1722204,1014950,707254,844504,658851,185653,11568,258764,405455,664219
355,JHARKHAND,Bokaro,2062330,1072807,989523,1273520,759088,514432,685368,507677,177691,9754,250312,258452,508764
356,JHARKHAND,Lohardaga,461790,232629,229161,259707,149568,110139,221332,121605,99727,351,96759,14725,111484
357,JHARKHAND,Purbi Singhbhum,2293919,1176902,1117017,1507699,856526,651173,837167,616249,220918,22042,262537,342126,604663
358,JHARKHAND,Palamu,1939869,1006302,933567,1024563,621706,402857,713175,473042,240133,2155,355529,52375,407904
359,JHARKHAND,Latehar,726978,369666,357312,350682,209706,140976,313379,180106,133273,340,146377,14137,160514
360,JHARKHAND,Hazaribagh,1734495,890881,843614,1013249,596113,417136,654636,423472,231164,3532,312983,68765,381748
361,JHARKHAND,Ramgarh,949443,494230,455213,596497,350031,246466,312125,234202,77923,2876,134067,118558,252625
362,JHARKHAND,Dumka,1321442,668514,652928,672409,406275,266134,624779,367108,257671,1193,303697,23281,326978
363,JHARKHAND,Jamtara,791042,404830,386212,426312,258260,168052,326631,214740,111891,808,165555,20113,185668
364,JHARKHAND,Ranchi,2914253,1494937,1419316,1911433,1085244,826189,1142867,743967,398900,22538,420740,310242,730982
365,JHARKHAND,Khunti,531885,266335,265550,284575,164741,119834,259984,141123,118861,417,123245,12474,135719
366,JHARKHAND,Gumla,1025213,514390,510823,559720,321795,237925,487508,264774,222734,831,216629,16445,233074
367,JHARKHAND,Simdega,599578,300309,299269,343483,191991,151492,288645,159867,128778,423,144169,11114,155283
368,JHARKHAND,Pashchimi Singhbhum,1502338,749385,752953,727561,439273,288288,694863,392690,302173,1959,336928,63396,400324
369,JHARKHAND,Saraikela-Kharsawan,1065056,544411,520645,612993,365332,247661,430051,283281,146770,2606,217248,68439,285687
370,ORISSA,Bargarh,1481255,749161,732094,983783,557217,426566,762092,473305,288787,2401,411566,47395,458961
371,ORISSA,Jharsuguda,579505,296690,282815,405879,228092,177787,247707,172018,75689,2498,103224,73962,177186
372,ORISSA,Sambalpur,1041099,526877,514222,703691,393192,310499,505840,313161,192679,5231,220697,94798,315495
373,ORISSA,Debagarh,312520,158230,154290,197819,112649,85170,165435,92384,73051,825,91408,7350,98758
374,ORISSA,Sundargarh,2093437,1061147,1032290,1342322,750147,592175,873227,584687,288540,12787,387911,230151,618062
375,ORISSA,Kendujhar,1801733,906487,895246,1052518,605119,447399,766514,498077,268437,2622,490634,83664,574298
376,ORISSA,Mayurbhanj,2519738,1256213,1263525,1369397,794171,575226,1223534,697782,525752,2950,689110,64479,753589
377,ORISSA,Baleshwar,2320529,1185787,1134742,1621232,902359,718873,932707,684020,248687,7370,601154,82440,683594
378,ORISSA,Bhadrak,1506337,760260,746077,1094140,596269,497871,468599,409559,59040,2637,373862,54244,428106
379,ORISSA,Kendrapara,1440361,717814,722547,1089265,579970,509295,466890,386382,80508,1628,414749,23494,438243
380,ORISSA,Jagatsinghapur,1136971,577865,559106,889027,481049,407978,403649,325589,78060,3199,309685,43047,352732
381,ORISSA,Cuttack,2624470,1352760,1271710,2011469,1103033,908436,936365,761876,174489,15046,579529,210768,790297
382,ORISSA,Jajapur,1827192,926034,901158,1290455,706396,584059,552234,486091,66143,3831,495611,45528,541139
383,ORISSA,Dhenkanal,1192811,612593,580218,829910,464093,365817,435533,340552,94981,1810,315390,36979,352369
384,ORISSA,Anugul,1273821,655718,618103,869456,494425,375031,526520,360947,165573,5564,340410,74177,414587
385,ORISSA,Nayagarh,962789,502636,460153,688362,392333,296029,343633,284591,59042,1163,261646,26688,288334
386,ORISSA,Khordha,2251673,1167137,1084536,1749936,957515,792421,792193,645880,146313,35701,331834,356895,688729
387,ORISSA,Puri,1698730,865380,833350,1291939,704857,587082,621676,498461,123215,3416,402014,72210,474224
388,ORISSA,Ganjam,3529031,1779218,1749813,2210050,1262652,947398,1501772,990027,511745,9049,795476,219918,1015394
389,ORISSA,Gajapati,577817,282882,294935,262537,153663,108874,293933,155907,138026,635,152095,23050,175145
390,ORISSA,Kandhamal,733110,359945,373165,399786,233900,165886,355349,193515,161834,768,218446,24489,242935
391,ORISSA,Baudh,441162,221625,219537,271612,158648,112964,219457,125627,93830,245,131377,6577,137954
392,ORISSA,Subarnapur,610183,311312,298871,398421,230393,168028,286661,181595,105066,708,176927,16575,193502
393,ORISSA,Balangir,1648997,830097,818900,927260,545672,381588,720601,469956,250645,3286,476770,62192,538962
394,ORISSA,Nuapada,610382,301962,308420,299383,180903,118480,305438,168155,137283,757,197258,11869,209127
395,ORISSA,Kalahandi,1576869,787101,789768,802036,484177,317859,751930,447290,304640,1953,456336,38412,494748
396,ORISSA,Rayagada,967911,471960,495951,407735,241959,165776,467122,258032,209090,1553,237343,49205,286548
397,ORISSA,Nabarangapur,1220946,604812,616134,470379,286984,183395,610906,342641,268265,1324,342840,29424,372264
398,ORISSA,Koraput,1379647,678809,700838,568090,340843,227247,693406,384053,309353,3988,381789,78339,460128
399,ORISSA,Malkangiri,613192,303624,309568,244706,147001,97705,310666,170495,140171,448,167884,15839,183723
400,CHHATTISGARH,Koriya,658917,334737,324180,397823,229923,167900,307071,185483,121588,1667,121852,59763,181615
401,CHHATTISGARH,Surguja,2359886,1193129,1166757,1187941,694686,493255,1155807,649888,505919,2737,525596,65167,590763
402,CHHATTISGARH,Jashpur,851669,424747,426922,495415,280656,214759,487360,263645,223715,567,205670,20722,226392
403,CHHATTISGARH,Raigarh,1493984,750278,743706,951639,542756,408883,690167,429211,260956,3342,354278,66638,420916
404,CHHATTISGARH,Korba,1206640,612915,593725,748759,433391,315368,521186,333329,187857,4544,206598,126055,332653
405,CHHATTISGARH,Janjgir - Champa,1619707,815717,803990,1019634,593679,425955,846466,478278,368188,1706,379583,61190,440773
406,CHHATTISGARH,Bilaspur,2663629,1351574,1312055,1596560,932474,664086,1203197,715467,487730,8566,549632,188174,737806
407,CHHATTISGARH,Kabeerdham,822526,412058,410468,414167,248503,165664,404156,217073,187083,682,187311,23868,211179
408,CHHATTISGARH,Rajnandgaon,1537133,762855,774278,1008379,561355,447024,800092,436611,363481,2111,313604,76528,390132
409,CHHATTISGARH,Durg,3343872,1682101,1661771,2303378,1284612,1018766,1496805,921729,575076,16141,533448,349741,883189
410,CHHATTISGARH,Raipur,4063872,2048186,2015686,2629749,1493158,1136591,1757664,1099964,657700,20261,673499,395001,1068500
411,CHHATTISGARH,Mahasamund,1032754,511967,520787,637963,364089,273874,499260,291858,207402,961,274793,35774,310567
412,CHHATTISGARH,Dhamtari,799781,397897,401884,546833,303924,242909,402895,226382,176513,1016,168689,41792,210481
413,CHHATTISGARH,Uttar Bastar Kanker,748941,373338,375603,456042,258298,197744,389359,217513,171846,579,169191,24878,194069
414,CHHATTISGARH,Bastar,1413199,698487,714712,650863,382335,268528,726531,404364,322167,1782,316425,54894,371319
415,CHHATTISGARH,Narayanpur,139820,70104,69716,56621,33449,23172,71089,38186,32903,86,26916,6179,33095
416,CHHATTISGARH,Dakshin Bastar Dantewada,533638,264142,269496,191237,116529,74708,286595,153294,133301,955,106545,31304,137849
417,CHHATTISGARH,Bijapur,255230,128663,126567,86919,54076,32843,134525,71591,62934,117,50449,7942,58391
418,MADHYA PRADESH,Sheopur,687861,361784,326077,328025,208201,119824,277455,183788,93667,273,150146,26376,176522
419,MADHYA PRADESH,Morena,1965970,1068417,897553,1179685,747652,432033,675993,525329,150664,1781,319298,95288,414586
420,MADHYA PRADESH,Bhind,1703005,926843,776162,1094917,676513,418404,520768,455775,64993,1166,271211,88385,359596
421,MADHYA PRADESH,Gwalior,2032036,1090327,941709,1357210,803114,554096,685311,548820,136491,15779,172720,272172,444892
422,MADHYA PRADESH,Datia,786754,420157,366597,491445,303815,187630,321160,225662,95498,616,160453,43401,203854
423,MADHYA PRADESH,Shivpuri,1726050,919795,806255,900846,573242,327604,759281,481001,278280,1852,367859,66759,434618
424,MADHYA PRADESH,Tikamgarh,1445166,760355,684811,747940,459353,288587,655318,402776,252542,1090,322772,60220,382992
425,MADHYA PRADESH,Chhatarpur,1762375,936121,826254,943033,572010,371023,751797,481518,270279,1880,375869,95048,470917
426,MADHYA PRADESH,Panna,1016520,533480,483040,552559,332140,220419,431998,275375,156623,653,256744,32179,288923
427,MADHYA PRADESH,Sagar,2378458,1256257,1122201,1545719,908607,637112,1006035,682077,323958,4546,448408,165507,613915
428,MADHYA PRADESH,Damoh,1264219,661873,602346,747715,445737,301978,574595,367711,206884,1432,303387,66514,369901
429,MADHYA PRADESH,Satna,2228935,1157495,1071440,1371781,801051,570730,911349,590487,320862,3754,461831,114173,576004
430,MADHYA PRADESH,Rewa,2365106,1225100,1140006,1441757,845572,596185,991946,617184,374762,3406,523910,94489,618399
431,MADHYA PRADESH,Umaria,644758,330674,314084,356672,210907,145765,289691,175698,113993,839,138100,29966,168066
432,MADHYA PRADESH,Neemuch,826067,422653,403414,508834,307889,200945,418682,245708,172974,1945,174235,67962,242197
433,MADHYA PRADESH,Mandsaur,1340411,682851,657560,834591,502898,331693,679723,397714,282009,2324,302287,81832,384119
434,MADHYA PRADESH,Ratlam,1455069,738241,716828,825880,485090,340790,690980,411446,279534,3644,266716,107151,373867
435,MADHYA PRADESH,Ujjain,1986864,1016289,970575,1240990,730817,510173,897442,569425,328017,7501,300765,188684,489449
436,MADHYA PRADESH,Shajapur,1512681,780520,732161,894612,543509,351103,717871,431857,286014,1382,312611,73997,386608
437,MADHYA PRADESH,Dewas,1563715,805359,758356,925369,550716,374653,742676,451501,291175,3518,274995,101014,376009
438,MADHYA PRADESH,Dhar,2185793,1112725,1073068,1077338,638479,438859,1027974,597079,430895,2388,412348,103364,515712
439,MADHYA PRADESH,Indore,3276697,1699627,1577070,2309130,1289631,1019499,1268195,939055,329140,48691,200371,587947,788318
440,MADHYA PRADESH,Khargone (West Nimar),1873046,953121,919925,986234,575428,410806,894119,518254,375865,2162,383543,76620,460163
441,MADHYA PRADESH,Barwani,1385881,699340,686541,549926,313642,236284,653897,365928,287969,1158,250358,48912,299270
442,MADHYA PRADESH,Rajgarh,1545814,790212,755602,804245,488797,315448,745603,429768,315835,1611,331894,69823,401717
443,MADHYA PRADESH,Vidisha,1458875,769568,689307,862918,512344,350574,550402,401583,148819,1926,292579,83830,376409
444,MADHYA PRADESH,Bhopal,2371061,1236130,1134931,1660690,920314,740376,867457,644960,222497,40788,118893,581826,700719
445,MADHYA PRADESH,Sehore,1311332,683743,627589,780362,469208,311154,586087,364559,221528,1566,270427,59220,329647
446,MADHYA PRADESH,Raisen,1331597,700358,631239,820220,479093,341127,517838,370366,147472,1141,251272,74441,325713
447,MADHYA PRADESH,Betul,1575362,799236,776126,939769,529783,409986,786980,453887,333093,2109,318945,87704,406649
448,MADHYA PRADESH,Harda,570465,294838,275627,352550,203807,148743,230979,156852,74127,986,112714,31845,144559
449,MADHYA PRADESH,Hoshangabad,1241350,648725,592625,810644,469199,341445,478082,345435,132647,2871,209650,105746,315396
450,MADHYA PRADESH,Katni,1292042,662013,630029,790773,460583,330190,543874,348410,195464,2179,276151,72880,349031
451,MADHYA PRADESH,Jabalpur,2463289,1277278,1186011,1756468,980307,776161,1005624,705970,299654,20443,272284,352477,624761
452,MADHYA PRADESH,Narsimhapur,1091854,568810,523044,718785,413491,305294,477818,323464,154354,1603,230659,53059,283718
453,MADHYA PRADESH,Dindori,704524,351913,352611,378714,222759,155955,389925,203383,186542,554,218021,9774,227795
454,MADHYA PRADESH,Mandla,1054905,525272,529633,604962,348033,256929,559649,300235,259414,912,279674,37258,316932
455,MADHYA PRADESH,Chhindwara,2090922,1064468,1026454,1294198,731294,562904,957984,582263,375721,3588,413142,140802,553944
456,MADHYA PRADESH,Seoni,1379131,695879,683252,864194,485341,378853,684434,394660,289774,1182,335045,47542,382587
457,MADHYA PRADESH,Balaghat,1701698,842178,859520,1147623,626468,521155,893014,488610,404404,1712,400074,70793,470867
458,MADHYA PRADESH,Guna,1241519,649362,592157,653980,400537,253443,514897,335454,179443,2482,212765,72320,285085
459,MADHYA PRADESH,Ashoknagar,845071,443837,401234,469109,290304,178805,315270,231829,83441,619,169606,37135,206741
460,MADHYA PRADESH,Shahdol,1066063,540021,526042,604194,348761,255433,493057,292402,200655,1733,233594,57846,291440
461,MADHYA PRADESH,Anuppur,749237,379114,370123,436595,254120,182475,346471,207401,139070,1290,147388,60325,207713
462,MADHYA PRADESH,Sidhi,1127033,575912,551121,600785,353030,247755,461760,284289,177471,837,250953,25916,276869
463,MADHYA PRADESH,Singrauli,1178273,613637,564636,585054,359923,225131,499439,304234,195205,2627,228732,58593,287325
464,MADHYA PRADESH,Jhabua,1025048,515023,510025,352081,214582,137499,515121,265489,249632,744,211080,24713,235793
465,MADHYA PRADESH,Alirajpur,728999,362542,366457,209754,120905,88849,366797,188698,178099,297,135866,14662,150528
466,MADHYA PRADESH,Khandwa (East Nimar),1310061,674329,635732,731615,432259,299356,612976,369676,243300,1907,265663,63425,329088
467,MADHYA PRADESH,Burhanpur,757847,388504,369343,408679,233073,175606,328339,211925,116414,986,115979,62861,178840
468,GUJARAT,Kachchh,2092371,1096737,995634,1252319,739239,513080,776228,624704,151524,9631,488293,250982,739275
469,GUJARAT,Banas Kantha,3120506,1610379,1510127,1704923,1048402,656521,1248600,836268,412332,3424,666773,137424,804197
470,GUJARAT,Patan,1343734,694397,649337,837913,494631,343282,554830,383074,171756,2231,301483,102655,404138
471,GUJARAT,Mahesana,2035064,1056520,978544,1502645,847499,655146,812064,588699,223365,7759,476005,183738,659743
472,GUJARAT,Sabar Kantha,2428589,1244231,1184358,1578734,918625,660109,1084878,681435,403443,5262,544024,121509,665533
473,GUJARAT,Gandhinagar,1391753,723864,667889,1030494,582686,447808,534976,408075,126901,12107,237624,195634,433258
474,GUJARAT,Ahmadabad,7214225,3788051,3426174,5435760,3025463,2410297,2594952,2127547,467405,126341,353169,1845383,2198552
475,GUJARAT,Surendranagar,1756268,909917,846351,1093626,643221,450405,723500,504038,219462,2975,340788,159810,500598
476,GUJARAT,Rajkot,3804558,1974445,1830113,2725056,1514075,1210981,1479050,1159480,319570,21785,459474,721532,1181006
477,GUJARAT,Jamnagar,2160119,1114192,1045927,1396534,795140,601394,847440,646822,200618,11573,347158,299167,646325
478,GUJARAT,Porbandar,585449,300209,285240,393678,221621,172057,231169,174118,57051,1653,96015,87557,183572
479,GUJARAT,Junagadh,2743082,1404356,1338726,1842818,1046981,795837,1123709,801859,321850,6628,489237,287506,776743
480,GUJARAT,Amreli,1514190,771049,743141,995459,558180,437279,657139,453642,203497,2538,313714,116899,430613
481,GUJARAT,Bhavnagar,2880365,1490201,1390164,1887255,1087371,799884,1150632,838781,311851,7297,387251,356826,744077
482,GUJARAT,Anand,2092745,1087224,1005521,1551253,874481,676772,844794,627561,217233,9902,413078,208909,621987
483,GUJARAT,Kheda,2299885,1185727,1114158,1660243,942480,717763,933983,674586,259397,5710,461479,160547,622026
484,GUJARAT,Panch Mahals,2390776,1226961,1163815,1440805,858054,582751,1097507,673565,423942,3456,463363,104238,567601
485,GUJARAT,Dohad,2127086,1068651,1058435,1007171,599035,408136,999124,540881,458243,1733,323697,52807,376504
486,GUJARAT,Vadodara,4165626,2153736,2011890,2893080,1614087,1278993,1693473,1233312,460161,53606,547454,692971,1240425
487,GUJARAT,Narmada,590297,301086,289211,370336,211767,158569,294795,174282,120513,576,138121,22248,160369
488,GUJARAT,Bharuch,1551019,805707,745312,1118276,623047,495229,627124,468919,158205,10257,300677,181319,481996
489,GUJARAT,The Dangs,228291,113821,114470,140968,77314,63654,118257,61329,56928,137,52102,7516,59618
490,GUJARAT,Navsari,1329672,678165,651507,1001909,539471,462438,591834,407881,183953,6726,267739,141417,409156
491,GUJARAT,Valsad,1705678,887222,818456,1170657,655528,515129,743245,516188,227057,11020,262410,235981,498391
492,GUJARAT,Surat,6081322,3402224,2679098,4571410,2687468,1883942,2553542,2142819,410723,55694,369840,1529998,1899838
493,GUJARAT,Tapi,807022,402188,404834,490036,269007,221029,450902,251049,199853,1601,192272,26217,218489
494,DAMAN AND DIU,Diu,52074,25642,26432,38058,20327,17731,15750,12932,2818,368,9788,9062,18850
495,DAMAN AND DIU,Daman,191173,124659,66514,150348,104316,46032,105521,94502,11019,1316,10006,61073,71079
496,DADRA AND NAGAR HAVELI,Dadra AND Nagar Haveli,343709,193760,149949,223230,142521,80709,157161,119293,37868,2013,48221,60562,108783
497,MAHARASHTRA,Nandurbar,1648295,833170,815125,906509,512099,394410,792065,442898,349167,2579,333440,71572,405012
498,MAHARASHTRA,Dhule,2050862,1054031,996831,1293916,723388,570528,936370,570448,365922,6065,382777,146013,528790
499,MAHARASHTRA,Jalgaon,4229917,2197365,2032552,2891882,1629223,1262659,1863571,1186472,677099,14297,796223,373565,1169788
500,MAHARASHTRA,Buldana,2586258,1337560,1248698,1879874,1048892,830982,1219641,734024,485617,4767,575405,152787,728192
501,MAHARASHTRA,Akola,1813906,932334,881572,1411281,758977,652304,768154,520362,247792,6163,308158,196077,504235
502,MAHARASHTRA,Washim,1197160,620302,576858,869917,487703,382214,569792,340353,229439,1875,274925,55921,330846
503,MAHARASHTRA,Amravati,2888445,1480768,1407677,2251875,1207104,1044771,1236322,837577,398745,9438,508921,272894,781815
504,MAHARASHTRA,Wardha,1300774,668385,632389,1019458,552617,466841,608235,392316,215919,4313,268486,120218,388704
505,MAHARASHTRA,Nagpur,4653570,2384975,2268595,3673808,1959220,1714588,1868560,1334211,534349,57964,430844,877522,1308366
506,MAHARASHTRA,Bhandara,1200334,605520,594814,899860,488709,411151,597305,345054,252251,2932,283843,72575,356418
507,MAHARASHTRA,Gondiya,1322507,661554,660953,1004243,542837,461406,665419,383151,282268,2866,319702,66813,386515
508,MAHARASHTRA,Gadchiroli,1072942,541328,531614,708365,395110,313255,584237,323338,260899,1663,293586,37254,330840
509,MAHARASHTRA,Chandrapur,2204307,1123834,1080473,1578615,872565,706050,1058172,648565,409607,8239,451324,233331,684655
510,MAHARASHTRA,Yavatmal,2772348,1419965,1352383,2022574,1115980,906594,1355999,815475,540524,6094,629243,168889,798132
511,MAHARASHTRA,Nanded,3361292,1730075,1631217,2189425,1255222,934203,1493953,925232,568721,7548,591119,230563,821682
512,MAHARASHTRA,Hingoli,1177345,606294,571051,790743,450551,340192,569182,330903,238279,1221,242456,41913,284369
513,MAHARASHTRA,Parbhani,1836086,942870,893216,1157814,666291,491523,822797,501422,321375,3982,293480,133759,427239
514,MAHARASHTRA,Jalna,1959046,1011473,947573,1195523,699428,496095,930886,545030,385856,3791,404746,98084,502830
515,MAHARASHTRA,Aurangabad,3701282,1924469,1776813,2503837,1430936,1072901,1575079,1015864,559215,23258,551789,427343,979132
516,MAHARASHTRA,Nashik,6107187,3157186,2950001,4345366,2397538,1947828,2763328,1746286,1017042,45039,904661,764271,1668932
517,MAHARASHTRA,Thane,11060148,5865078,5195070,8227161,4591396,3635765,4492767,3363123,1129644,256170,713994,2904157,3618151
518,MAHARASHTRA,Mumbai Suburban,9356962,5031323,4325639,7575485,4223029,3352456,3735021,2944322,790699,404757,0,3078829,3078829
519,MAHARASHTRA,Mumbai,3085411,1684608,1400803,2509022,1410680,1098342,1284396,1021009,263387,121344,0,1107321,1107321
520,MAHARASHTRA,Raigarh,2634200,1344345,1289855,1939994,1059692,880302,1072969,753843,319126,38570,581868,377160,959028
521,MAHARASHTRA,Pune,9429408,4924105,4505303,7171723,3940210,3231513,4048993,2809816,1239177,235018,1165718,2056739,3222457
522,MAHARASHTRA,Ahmadnagar,4543159,2342825,2200334,3151890,1773355,1378535,2204590,1300309,904281,18370,1041393,282011,1323404
523,MAHARASHTRA,Bid,2585049,1349106,1235943,1718507,987185,731322,1255548,727819,527729,5614,563114,135457,698571
524,MAHARASHTRA,Latur,2454196,1273140,1181056,1650672,932432,718240,1046857,670018,376839,6217,428616,157016,585632
525,MAHARASHTRA,Osmanabad,1657576,861535,796041,1137810,644304,493506,773916,473795,300121,3209,367158,77832,444990
526,MAHARASHTRA,Solapur,4317756,2227852,2089904,2910676,1651266,1259410,1898395,1206933,691462,15145,779929,376302,1156231
527,MAHARASHTRA,Satara,3003741,1510842,1492899,2225694,1201034,1024660,1354947,844805,510142,14093,774522,200949,975471
528,MAHARASHTRA,Ratnagiri,1615069,761121,853948,1199392,619012,580380,714076,407008,307068,7752,538538,100824,639362
529,MAHARASHTRA,Sindhudurg,849651,417332,432319,666067,348289,317778,347178,229676,117502,3517,295847,44989,340836
530,MAHARASHTRA,Kolhapur,3876001,1980658,1895343,2825845,1559760,1266085,1704054,1125204,578850,22269,796496,382818,1179314
531,MAHARASHTRA,Sangli,2822143,1435728,1386415,2049467,1121550,927917,1215104,800214,414890,13212,626872,226801,853673
532,ANDHRA PRADESH,Adilabad,2741239,1369597,1371642,1483347,856350,626997,1323667,748939,574728,5512,597466,220248,817714
533,ANDHRA PRADESH,Nizamabad,2551335,1250641,1300694,1389810,790214,599596,1261076,684320,576756,5261,565165,155133,720298
534,ANDHRA PRADESH,Karimnagar,3776269,1880800,1895469,2206829,1257238,949591,1876768,1049463,827305,8831,877236,288044,1165280
535,ANDHRA PRADESH,Medak,3033288,1523030,1510258,1637137,953406,683731,1442203,837874,604329,8635,593653,195479,789132
536,ANDHRA PRADESH,Hyderabad,3943323,2018575,1924748,2892155,1542688,1349467,1413297,1045585,367712,149034,0,1066289,1066289
537,ANDHRA PRADESH,Rangareddy,5296741,2701008,2595733,3538028,1948784,1589244,2196078,1488916,707162,142879,432098,1129224,1561322
538,ANDHRA PRADESH,Mahbubnagar,4053028,2050386,2002642,1940646,1158386,782260,2082501,1140067,942434,6153,848963,161052,1010015
539,ANDHRA PRADESH,Nalgonda,3488809,1759772,1729037,2001019,1160757,840262,1741693,976428,765265,7715,833504,197433,1030937
540,ANDHRA PRADESH,Warangal,3512576,1759281,1753295,2065023,1179790,885233,1705655,960926,744729,12952,758738,288249,1046987
541,ANDHRA PRADESH,Khammam,2797370,1390988,1406382,1630234,901640,728594,1410062,802906,607156,8628,669262,201363,870625
542,ANDHRA PRADESH,Srikakulam,2703114,1341738,1361376,1495381,857824,637557,1290288,766483,523805,3988,752752,149684,902436
543,ANDHRA PRADESH,Vizianagaram,2344474,1161477,1182997,1238388,707503,530885,1157962,679289,478673,4453,592458,157056,749514
544,ANDHRA PRADESH,Visakhapatnam,4290589,2138910,2151679,2568249,1422878,1145371,1889879,1239064,650815,45492,718847,660493,1379340
545,ANDHRA PRADESH,East Godavari,5154296,2569688,2584608,3288577,1716933,1571644,2093681,1545831,547850,22411,1199479,406362,1605841
546,ANDHRA PRADESH,West Godavari,3936966,1964918,1972048,2652389,1379223,1273166,1773112,1199338,573774,12050,1007255,248373,1255628
547,ANDHRA PRADESH,Krishna,4517398,2267375,2250023,3009718,1598959,1410759,2048880,1327299,721581,30438,909292,567042,1476334
548,ANDHRA PRADESH,Guntur,4887813,2440521,2447292,2960441,1634726,1325715,2381624,1442370,939254,19383,1069877,513113,1582990
549,ANDHRA PRADESH,Prakasam,3397448,1714764,1682684,1904435,1107686,796749,1700567,991842,708725,6151,873486,214089,1087575
550,ANDHRA PRADESH,Sri Potti Sriramulu Nellore,2963557,1492974,1470583,1832189,1011922,820267,1314561,859880,454681,10201,689137,264376,953513
551,ANDHRA PRADESH,Y.S.R.,2882469,1451777,1430692,1716766,994699,722067,1320404,823886,496518,6667,590589,293504,884093
552,ANDHRA PRADESH,Kurnool,4053463,2039227,2014236,2127161,1246369,880792,2029425,1164122,865303,10081,783853,306982,1090835
553,ANDHRA PRADESH,Anantapur,4081148,2064495,2016653,2310960,1338474,972486,2036166,1208544,827622,8606,902997,341431,1244428
554,ANDHRA PRADESH,Chittoor,4174064,2090204,2083860,2667878,1484794,1183084,1933357,1202223,731134,13763,907970,395900,1303870
555,KARNATAKA,Belgaum,4779661,2423063,2356598,3052032,1725548,1326484,2105668,1372422,733246,17560,962777,356198,1318975
556,KARNATAKA,Bagalkot,1889752,950111,939641,1113412,641388,472024,818081,511575,306506,3745,324799,165858,490657
557,KARNATAKA,Bijapur,2177331,1111022,1066309,1248268,730566,517702,927722,580111,347611,4987,396449,131041,527490
558,KARNATAKA,Bidar,1703300,870665,832635,1042673,597198,445475,702608,459050,243558,3971,287134,102269,389403
559,KARNATAKA,Raichur,1928812,964511,964301,979769,577213,402556,903413,530373,373040,5200,330446,125402,455848
560,KARNATAKA,Koppal,1389920,699926,689994,809085,468785,340300,654766,387974,266792,2135,272968,64681,337649
561,KARNATAKA,Gadag,1064570,537147,527423,700177,397178,302999,495722,310412,185310,3373,180066,111906,291972
562,KARNATAKA,Dharwad,1847023,937206,909817,1301664,711776,589888,784833,543776,241057,15013,199707,283397,483104
563,KARNATAKA,Uttara Kannada,1437169,726256,710913,1081906,582099,499807,608526,430565,177961,6129,334281,140511,474792
564,KARNATAKA,Haveri,1597668,819128,778540,1085443,603793,481650,730066,490731,239335,2456,315076,98488,413564
565,KARNATAKA,Bellary,2452595,1236954,1215641,1421621,813440,608181,1116880,703258,413622,9626,371604,251876,623480
566,KARNATAKA,Chitradurga,1659456,840843,818613,1087392,607188,480204,856587,513311,343276,5711,349704,97644,447348
567,KARNATAKA,Davanagere,1945497,986400,959097,1308540,720637,587903,875207,585639,289568,7320,354680,176011,530691
568,KARNATAKA,Shimoga,1752753,877415,875338,1263016,674938,588078,780598,534487,246111,8791,352444,201662,554106
569,KARNATAKA,Udupi,1177361,562131,615230,926429,465704,460725,513241,335399,177842,9070,269817,115572,385389
570,KARNATAKA,Chikmagalur,1137961,566622,571339,818345,438257,380088,565774,357889,207885,4510,311660,80766,392426
571,KARNATAKA,Tumkur,2678980,1350594,1328386,1813391,1006024,807367,1354646,837512,517134,7971,685443,204799,890242
572,KARNATAKA,Bangalore,9621551,5022661,4598890,7512276,4078041,3434235,4246927,3115361,1131566,430880,300576,2967384,3267960
573,KARNATAKA,Mandya,1805769,905085,900684,1149649,638668,510981,871408,575203,296205,3367,458867,103435,562302
574,KARNATAKA,Hassan,1776421,883667,892754,1225256,668836,556420,903580,560452,343128,4851,496103,132878,628981
575,KARNATAKA,Dakshina Kannada,2089649,1034714,1054935,1666323,864019,802304,997721,620903,376818,23305,332919,317373,650292
576,KARNATAKA,Kodagu,554519,274608,279911,412877,215302,197575,278938,172100,106838,3308,181182,31792,212974
577,KARNATAKA,Mysore,3001127,1511600,1489527,1962180,1063766,898414,1314268,921803,392465,28397,540596,380386,920982
578,KARNATAKA,Chamarajanagar,1020791,512231,508560,565279,312957,252322,481693,324326,157367,1334,262680,57200,319880
579,KARNATAKA,Gulbarga,2566326,1301755,1264571,1427368,828359,599009,1087028,680001,407027,9752,400704,199303,600007
580,KARNATAKA,Yadgir,1174271,590329,583942,510003,306751,203252,547696,317135,230561,1410,207787,55208,262995
581,KARNATAKA,Kolar,1536401,776396,760005,1016219,564110,452109,717872,454048,263824,5051,326567,151042,477609
582,KARNATAKA,Chikkaballapura,1255104,636437,618667,783222,442158,341064,639778,384452,255326,2672,315649,94053,409702
583,KARNATAKA,Bangalore Rural,990923,509172,481751,688749,385311,303438,459891,315499,144392,3729,231052,95410,326462
584,KARNATAKA,Ramanagara,1082636,548008,534628,674758,378461,296297,531459,344349,187110,2844,266950,84834,351784
585,GOA,North Goa,818008,416677,401331,663060,351738,311322,327658,239125,88533,23440,115859,209230,325089
586,GOA,South Goa,640537,322463,318074,502427,264085,238342,249590,180411,69179,17624,88620,162873,251493
587,LAKSHADWEEP,Lakshadweep,64473,33123,31350,52553,28023,24530,18753,15318,3435,327,5289,15953,21242
588,KERALA,Kasaragod,1307375,628613,678762,1037492,516476,521016,462998,325095,137903,10378,251641,166164,417805
589,KERALA,Kannur,2523003,1181446,1341557,2138434,1012956,1125478,824116,609377,214739,32653,306288,566191,872479
590,KERALA,Wayanad,817420,401684,415736,645585,328136,317449,340077,228639,111438,4712,266183,11805,277988
591,KERALA,Kozhikode,3086293,1470942,1615351,2615443,1266939,1348504,948981,752333,196648,36791,323793,666543,990336
592,KERALA,Malappuram,4112920,1960328,2152592,3311315,1597404,1713911,1062424,898157,164267,27909,634543,522586,1157129
593,KERALA,Palakkad,2809934,1359478,1450456,2239492,1122600,1116892,1042340,746121,296219,27162,665899,228442,894341
594,KERALA,Thrissur,3121200,1480763,1640437,2678548,1282261,1396287,1095727,789511,306216,56148,336748,715119,1051867
595,KERALA,Ernakulam,3282388,1619557,1662831,2855676,1425723,1429953,1249343,913249,336094,88737,369694,804997,1174691
596,KERALA,Idukki,1108974,552808,556166,923010,471881,451129,516363,331710,184653,8250,391610,20823,412433
597,KERALA,Kottayam,1974551,968289,1006262,1749798,861592,888206,735735,530322,205413,37849,481967,196194,678161
598,KERALA,Alappuzha,2127789,1013142,1114647,1852797,890552,962245,804471,536738,267733,28842,331419,392117,723536
599,KERALA,Pathanamthitta,1197412,561716,635696,1062553,499181,563372,392794,281854,110940,21015,414992,57848,472840
600,KERALA,Kollam,2635375,1246968,1388407,2240273,1074345,1165928,912025,644362,267663,31542,523715,401415,925130
601,KERALA,Thiruvananthapuram,3301427,1581678,1719749,2785408,1354857,1430551,1231669,864101,367568,71621,559293,609824,1169117
602,TAMIL NADU,Thiruvallur,3728104,1876062,1852042,2791721,1495711,1296010,1538054,1103563,434491,75634,387237,732196,1119433
603,TAMIL NADU,Chennai,4646732,2335844,2310888,3776276,1968079,1808197,1817297,1369302,447995,217368,0,1314125,1314125
604,TAMIL NADU,Kancheepuram,3998252,2012958,1985294,3013382,1611461,1401921,1673814,1181308,492506,100322,438799,774705,1213504
605,TAMIL NADU,Vellore,3936331,1961688,1974643,2773928,1504355,1269573,1689330,1123874,565456,20623,653499,486801,1140300
606,TAMIL NADU,Tiruvannamalai,2464875,1235889,1228986,1626813,909803,717010,1238177,738995,499182,6445,563102,147061,710163
607,TAMIL NADU,Viluppuram,3458873,1740819,1718054,2195776,1234479,961297,1703249,1017383,685866,8472,808042,159272,967314
608,TAMIL NADU,Salem,3482056,1781571,1700485,2285562,1285107,1000455,1694160,1083797,610363,20660,572813,597539,1170352
609,TAMIL NADU,Namakkal,1726601,869280,857321,1176131,653312,522819,898245,531463,366782,8960,370357,257127,627484
610,TAMIL NADU,Erode,2251744,1129868,1121876,1492662,828300,664362,1195773,732083,463690,18604,411286,432398,843684
611,TAMIL NADU,The Nilgiris,735394,360143,375251,569647,299447,270200,349974,212172,137802,4561,112126,151979,264105
612,TAMIL NADU,Dindigul,2159775,1080938,1078837,1481834,816180,665654,1105155,665469,439686,9155,443818,269724,713542
613,TAMIL NADU,Karur,1064493,528184,536309,727044,401726,325318,543298,329034,214264,4915,212241,152420,364661
614,TAMIL NADU,Tiruchirappalli,2722290,1352284,1370006,2038981,1087765,951216,1213979,789206,424773,30046,452707,423020,875727
615,TAMIL NADU,Perambalur,565223,282157,283066,375823,208011,167812,299726,162639,137087,1507,155413,33179,188592
616,TAMIL NADU,Ariyalur,754894,374703,380191,480604,269582,211022,359851,212547,147304,1749,223955,30322,254277
617,TAMIL NADU,Cuddalore,2605914,1311697,1294217,1815281,1000322,814959,1169880,749633,420247,15396,497429,260780,758209
618,TAMIL NADU,Nagapattinam,1616450,798127,818323,1213008,640916,572092,671994,461174,210820,5585,399016,118724,517740
619,TAMIL NADU,Thiruvarur,1264277,626693,637584,946471,503085,443386,540168,369853,170315,4416,321331,86848,408179
620,TAMIL NADU,Thanjavur,2405890,1182416,1223474,1790998,944264,846734,974079,680483,293596,13495,479070,274302,753372
621,TAMIL NADU,Pudukkottai,1618345,803188,815157,1110545,608776,501769,761693,471099,290594,4494,399712,104229,503941
622,TAMIL NADU,Sivaganga,1339101,668672,670429,959744,526304,433440,620171,391305,228866,5773,309224,143193,452417
623,TAMIL NADU,Madurai,3038252,1526475,1511777,2273430,1223810,1049620,1354632,902704,451928,34097,417718,592723,1010441
624,TAMIL NADU,Theni,1245899,625683,620216,870080,479403,390677,591642,368900,222742,4667,189328,221295,410623
625,TAMIL NADU,Virudhunagar,1942288,967709,974579,1398788,760375,638413,950158,579111,371047,10219,363782,370942,734724
626,TAMIL NADU,Ramanathapuram,1353445,682658,670787,978946,536487,442459,602977,392751,210226,5172,290478,126761,417239
627,TAMIL NADU,Thoothukkudi,1750176,865021,885155,1349697,703106,646591,748095,503727,244368,11455,336078,300661,636739
628,TAMIL NADU,Tirunelveli,3077233,1520912,1556321,2273457,1210710,1062747,1436454,876175,560279,19070,547962,516705,1064667
629,TAMIL NADU,Kanniyakumari,1870374,926345,944029,1548738,780541,768197,679620,524629,154991,15673,104253,493788,598041
630,TAMIL NADU,Dharmapuri,1506843,774303,732540,917709,527599,390110,751170,446057,305113,3651,396819,91107,487926
631,TAMIL NADU,Krishnagiri,1879809,960232,919577,1187958,667062,520896,877779,561634,316145,9619,437988,142552,580540
632,TAMIL NADU,Coimbatore,3458045,1729297,1728748,2635907,1394790,1241117,1567950,1083125,484825,63273,284795,884957,1169752
633,TAMIL NADU,Tiruppur,2479052,1246159,1232893,1760566,959623,800943,1266137,819783,446354,17181,356886,538022,894908
634,PONDICHERRY,Yanam,55626,27301,28325,39274,19919,19355,16760,14047,2713,207,0,15519,15519
635,PONDICHERRY,PONDICHERRY,950289,468258,482031,726649,380946,345703,348105,256652,91453,15437,87296,203741,291037
636,PONDICHERRY,Mahe,41816,19143,22673,36470,16610,19860,11802,9093,2709,574,0,12110,12110
637,PONDICHERRY,Karaikal,200222,97809,102413,154916,79903,75013,68301,53139,15162,1868,35618,33715,69333
638,ANDAMAN AND NICOBAR ISLANDS,Nicobars,36842,20727,16115,25332,15397,9935,17125,12714,4411,57,15958,0,15958
639,ANDAMAN AND NICOBAR ISLANDS,North  AND Middle Andaman,105597,54861,50736,78683,43186,35497,38579,30612,7967,388,39091,1094,40185
640,ANDAMAN AND NICOBAR ISLANDS,South Andaman,238142,127283,110859,190266,105794,84472,96831,77563,19268,2789,34901,50631,85532